0 0.798835 0.408677 0.070873 0.094471
0 0.622346 0.283444 0.065110 0.090025
0 0.578815 0.220147 0.063776 0.077314
0 0.685814 0.300628 0.066540 0.087332
0 0.722635 0.443480 0.075970 0.092499
0 0.669516 0.387345 0.068147 0.091301
0 0.432906 0.280919 0.063191 0.081867
0 0.474770 0.431662 0.066396 0.091314
0 0.516310 0.233075 0.062962 0.082415
0 0.493529 0.308446 0.065065 0.089196
0 0.733962 0.359549 0.068488 0.089247
0 0.525537 0.377406 0.066566 0.089727
0 0.517118 0.494773 0.067568 0.092089
0 0.572203 0.442727 0.068179 0.089590
0 0.592239 0.364945 0.066020 0.089471
0 0.626576 0.477321 0.090380 0.092311
0 0.445760 0.361135 0.062095 0.090445
0 0.557975 0.294022 0.064318 0.080439
