0 0.898633 0.312309 0.101247 0.135093
0 0.646506 0.133227 0.093014 0.128735
0 0.584319 0.048996 0.091109 0.097992
0 0.737175 0.157800 0.095057 0.124884
0 0.789776 0.362077 0.108529 0.132273
0 0.713892 0.281804 0.097353 0.130560
0 0.375878 0.129616 0.090273 0.117069
0 0.435683 0.345177 0.094851 0.130578
0 0.495026 0.061200 0.089946 0.117853
0 0.462482 0.168979 0.092950 0.127549
0 0.805958 0.242056 0.097840 0.127622
0 0.508208 0.267591 0.095094 0.128309
0 0.496180 0.435425 0.096526 0.131686
0 0.574873 0.361000 0.097399 0.128113
0 0.603496 0.249772 0.094314 0.127943
0 0.652549 0.410469 0.129114 0.132004
0 0.394240 0.244324 0.088707 0.129335
0 0.554548 0.148353 0.091883 0.115027
