0 0.151196 0.365881 0.088591 0.118089
0 0.371807 0.209340 0.081387 0.112531
0 0.426221 0.130218 0.079720 0.096643
0 0.292472 0.230820 0.083175 0.109165
0 0.246446 0.409385 0.094963 0.115624
0 0.312845 0.339216 0.085184 0.114126
0 0.608607 0.206183 0.078989 0.102334
0 0.556277 0.394612 0.082995 0.114143
0 0.504352 0.146378 0.078702 0.103019
0 0.532828 0.240592 0.081331 0.111495
0 0.232287 0.304471 0.085610 0.111559
0 0.492818 0.326792 0.083207 0.112159
0 0.503342 0.473501 0.084460 0.115111
0 0.434486 0.408443 0.085224 0.111988
0 0.409441 0.311216 0.082525 0.111839
0 0.366520 0.451686 0.112975 0.115389
0 0.592540 0.306453 0.077619 0.113056
0 0.452271 0.222562 0.080398 0.100549
