0 0.599324 0.175106 0.102748 0.077053
0 0.735529 0.366985 0.097912 0.070788
0 0.804372 0.414312 0.084088 0.069337
0 0.716840 0.297983 0.094983 0.072342
0 0.561472 0.257951 0.100603 0.082595
0 0.622525 0.315702 0.099300 0.074090
0 0.738275 0.572945 0.089040 0.068701
0 0.574325 0.527430 0.099314 0.072186
0 0.790311 0.482268 0.089636 0.068452
0 0.708337 0.507035 0.097011 0.070739
0 0.652756 0.245636 0.097066 0.074460
0 0.633335 0.472236 0.097588 0.072371
0 0.505685 0.481389 0.100157 0.073460
0 0.562291 0.421501 0.097439 0.074124
0 0.646888 0.399718 0.097310 0.071777
0 0.524666 0.362386 0.100399 0.098261
0 0.651031 0.558970 0.098369 0.067510
0 0.724024 0.436969 0.087487 0.069927
